0 1 2 3 4 7.9 2782275172
5 6 7 8 4 7.1 963420425
9 10 11 12 4 6.8 880674609
13 14 15 16 4 8.5 1084439099
17 17 18 19 20 7.15 2068223624
21 22 23 24 4 6.2 890871626
25 26 27 28 29 7.8 591794936
30 31 32 33 4 7.5 1405403694
34 35 36 37 29 7.5 934416487
38 39 40 41 4 6.9 873634919
42 43 44 45 4 6.1 391081192
46 47 48 11 4 6.7 586090727
5 6 7 8 4 7.3 1066179725
5 6 49 50 4 6.5 260502115
38 39 51 52 4 7.2 668045518
53 54 55 56 4 6.6 419665568
30 31 32 33 4 8.1 1519557910
57 6 58 59 4 6.7 1045713802
60 61 62 63 4 6.8 624026776
64 65 66 67 29 7.5 956019788
68 69 70 71 4 7.0 752215857
72 73 74 75 4 6.7 322084673
64 65 66 67 29 7.9 960366855
76 77 78 79 29 6.1 372234864
64 80 81 82 4 7.2 550517357
0 83 84 85 86 7.7 2185372302
87 32 33 88 4 8.2 1153304495
89 90 91 92 4 5.9 304262565
93 94 95 96 4 7.0 1670400637
9 97 98 11 4 7.8 1108561013
21 22 23 24 4 7.3 783766341
99 6 35 100 29 6.5 1025467110
101 102 103 104 4 6.8 459256008
105 106 107 108 29 7.3 743559607
109 110 111 112 4 6.0 836303693
109 113 114 103 4 5.7 1104054072
21 115 116 23 29 6.4 493311825
68 69 70 117 4 6.7 708982323
118 119 81 120 29 6.3 559852396
121 122 123 124 4 5.6 231201172
125 126 127 128 29 8.3 1063161943
129 15 94 130 4 6.6 371353001
46 131 132 133 4 7.0 540007876
42 134 54 102 4 8.0 747862775
42 135 136 137 29 6.3 197687603
138 83 139 140 86 7.3 351040419
141 142 143 144 4 6.6 336365676
145 146 147 148 4 7.0 411002906
109 110 149 111 4 6.3 1123746996
150 151 152 153 4 6.2 786636033
154 155 156 154 29 6.8 332207671
157 158 127 159 29 7.2 538983207
160 161 162 163 4 7.5 343471816
101 164 165 166 4 6.2 258022233
167 168 169 170 4 5.8 788612167
171 172 173 174 175 6.8 325286646
176 177 116 178 4 5.4 183987723
34 10 91 179 4 6.6 356700357
42 134 180 181 4 7.3 543934787
13 15 182 183 4 9.0 1004558444
184 127 185 186 29 8.3 731341856
187 188 189 190 4 6.5 381509870
191 32 192 191 4 7.9 585174222
193 194 77 152 29 7.5 185770160
60 61 195 196 4 4.8 222105681
197 198 199 200 4 5.2 401128639
201 61 202 203 4 6.9 746846894
204 205 183 206 207 5.4 173391888
208 209 210 211 4 7.9 370541256
212 213 214 215 4 6.1 264218220
216 16 217 218 4 5.8 302469019
184 188 219 220 29 8.3 857611174
191 33 221 222 29 7.8 205843612
191 32 33 191 4 7.0 623933331
223 31 224 58 4 6.1 400893460
225 226 227 228 4 7.0 758539785
229 174 95 230 4 7.6 710644566
231 232 233 234 4 6.3 149862475
87 33 88 235 4 7.8 713866572
236 237 238 239 29 6.4 752600867
240 95 241 242 4 6.5 209154322
243 244 245 246 4 7.9 657818612
247 248 249 250 29 7.8 471222889
171 126 251 252 29 6.6 306133860
167 253 254 255 4 5.5 389681935
256 257 258 259 29 8.2 494878759
260 261 28 262 4 6.4 433371112
263 264 265 266 4 8.1 773312399
13 267 100 268 29 8.6 675120017
13 83 14 16 4 8.8 825532764
64 65 66 67 29 7.9 1021103568
197 269 265 270 4 6.7 207283925
271 132 272 273 86 7.8 333932083
274 134 180 168 4 7.8 353624124
275 134 276 277 29 6.6 653428261
278 279 280 281 4 6.1 215283742
282 205 283 284 4 5.6 181674817
285 6 35 100 29 6.4 299457024
286 287 288 289 29 6.1 798958165
290 291 292 293 4 7.3 433677183
294 22 295 296 4 6.6 440603537
297 298 299 300 29 6.3 415686217
109 301 302 303 4 6.1 449220945
109 304 305 111 4 7.1 709709780
306 307 226 308 4 5.5 167298192
34 309 36 310 29 7.5 939885929
141 309 36 37 29 7.6 896911078
89 61 311 135 4 6.4 624386746
275 61 312 313 86 7.2 585349010
99 6 77 314 29 6.7 474968763
240 315 127 316 175 8.0 623722818
13 15 90 183 4 8.3 374218673
317 318 319 320 4 6.7 603900344
321 322 323 324 29 5.9 413106170
325 102 122 326 4 6.7 373062569
176 327 328 329 4 6.7 427343298
330 331 332 333 29 7.6 1274219009
176 334 335 336 4 7.2 742128461
294 31 337 307 4 7.1 644662140
338 14 311 339 4 8.1 378858340
340 126 341 342 343 6.7 485930816
344 31 337 307 4 7.0 449326618
345 194 346 347 29 6.9 309979994
348 349 350 351 4 5.1 292810572
352 90 353 354 4 5.8 305270083
99 6 194 77 207 6.2 245527149
355 209 356 357 4 7.4 682330139
358 307 359 360 86 5.8 142161911
34 10 91 179 4 6.6 356700357
361 362 363 364 29 6.2 287594584
365 226 174 366 4 7.3 665692281
367 368 369 370 4 4.2 319713881
371 276 209 135 4 6.9 397850012
167 177 372 373 4 6.4 205366737
374 102 84 375 29 6.7 177943194
376 102 377 378 29 5.8 128388320
379 380 381 382 29 6.9 268806430
282 132 7 383 29 7.2 497409852
317 319 384 320 29 6.9 746921274
385 386 387 388 4 6.1 431971116
389 390 391 392 4 5.5 229147509
109 393 106 394 4 6.6 553709788
60 61 395 364 4 6.1 441818803
171 172 307 396 4 6.3 196275135
397 22 226 398 4 7.2 521170825
240 209 356 399 4 7.4 694713380
400 102 401 402 29 7.3 306941670
403 404 405 406 207 6.1 201580853
407 209 408 409 4 7.7 456758981
72 15 410 411 4 6.1 268175631
371 31 412 413 4 8.0 385758801
21 22 23 24 4 7.3 821708551
256 257 266 258 4 7.9 621537519
414 257 415 416 4 5.5 150680864
38 417 418 419 4 7.7 185258983
420 198 421 422 4 6.6 285444603
423 424 425 426 4 5.7 245284946
427 177 428 415 4 5.8 371923060
429 267 189 185 4 6.0 119240351
358 88 291 235 4 6.9 370569774
297 387 430 431 4 6.4 361832400
432 433 434 435 4 7.4 212011111
436 309 224 437 29 5.5 829685377
438 380 439 74 4 6.8 263427551
150 440 441 442 29 6.8 183345589
443 83 14 444 29 8.1 532950503
445 122 446 447 29 6.5 283128128
5 6 152 448 29 7.2 245724600
317 449 450 451 29 6.7 373015621
452 453 353 97 4 8.1 442824138
454 226 398 455 4 7.6 631744560
456 95 235 457 4 7.4 519311965
275 134 277 458 29 7.6 864110770
436 309 224 437 29 5.5 829685377
459 460 461 462 29 6.7 386041607
150 209 463 464 29 6.5 591745528
109 61 465 466 4 6.6 273339556
286 195 467 468 4 6.7 554987477
469 226 284 470 4 6.4 293503354
471 307 472 473 4 5.8 362637473
150 474 475 476 4 7.4 373993951
477 36 174 37 29 7.8 796688549
138 327 416 478 29 6.6 211342221
367 61 339 110 4 4.9 245055287
479 480 481 482 29 6.5 354248063
321 322 323 324 29 6.2 363204635
483 22 132 484 4 7.3 321885765
485 36 310 486 29 7.5 974755371
5 6 7 8 4 8.1 654264015
275 134 276 277 29 6.7 755356711
340 126 487 488 343 6.6 758239851
489 490 491 492 29 6.4 500101972
160 269 265 428 4 7.3 628638927
493 32 135 494 4 7.5 545448418
438 90 272 495 4 5.8 493214888
496 497 498 499 4 7.5 198467168
500 356 501 502 4 6.7 276572938
503 504 253 505 4 3.7 238207122
340 506 507 508 207 6.0 345141403
167 142 217 254 4 6.4 544272402
509 209 510 511 4 6.1 545902562
282 512 513 514 4 6.4 328718434
423 515 442 516 29 8.0 609016565
517 279 518 519 4 5.2 228738393
452 453 520 521 4 7.1 415484914
129 522 318 523 4 4.8 259175788
72 180 311 357 29 7.0 403354469
379 524 26 525 29 5.4 169956806
526 453 227 312 4 6.6 286007248
527 265 495 528 4 6.7 115366752
529 174 530 531 4 6.2 242707007
532 209 533 466 4 6.3 261930446
534 183 209 535 4 7.0 286835157
536 337 77 537 4 7.6 849997605
536 337 77 537 4 6.7 649398328
532 102 538 539 4 6.7 415356852
536 337 90 540 4 6.5 1027044677
541 122 69 279 29 7.3 587204668
542 31 58 311 4 6.1 164989338
352 543 544 545 4 5.9 201965915
477 546 547 548 29 7.8 716392705
549 550 551 164 4 5.8 178127760
552 553 543 26 4 6.3 245623848
554 555 556 557 4 4.3 167977596
321 322 323 324 4 6.4 574480841
558 428 559 560 4 6.1 473990832
561 562 387 563 4 6.5 339340102
167 182 564 50 4 7.1 215294342
565 132 566 567 568 6.4 362744280
208 132 226 569 4 6.5 478207520
570 84 571 572 29 6.3 297276329
193 83 573 574 575 7.5 213741459
187 576 577 578 29 4.9 237382724
579 10 50 580 4 5.8 227817248
581 78 582 439 4 6.2 330880051
583 584 585 586 29 5.5 563750323
587 106 588 589 175 5.4 103951461
570 80 571 339 4 5.8 179246868
321 102 590 591 4 7.1 299268508
583 592 593 594 29 5.4 347545360
595 596 123 597 4 3.7 164508066
325 151 598 599 4 6.7 125537191
600 393 601 602 4 7.2 383531541
64 77 7 603 4 8.8 871530324
604 108 605 606 29 3.8 133960541
72 90 7 607 4 7.2 211643158
379 608 524 609 29 5.9 300135367
610 363 611 612 175 7.1 267045765
72 453 613 614 29 8.1 630161890
109 33 106 266 4 6.9 162949164
615 279 226 616 4 6.5 237202299
72 266 617 618 4 8.5 457640427
150 209 619 620 4 7.7 358372926
485 36 37 472 29 7.4 878979634
121 78 621 622 4 8.0 594239066
99 233 623 624 4 5.7 362211740
0 625 626 627 4 8.5 519843345
628 6 15 59 575 7.0 214104620
72 629 630 631 575 7.8 266465037
0 632 633 634 4 7.2 378882411
635 636 637 638 207 5.5 310650585
639 428 484 640 4 6.7 170432927
641 642 643 644 4 6.1 242295562
645 83 10 521 86 8.5 424983399
646 522 647 648 175 6.9 325338851
649 650 651 652 29 7.3 169327687
653 654 655 393 4 6.7 312573423
278 279 656 657 4 6.9 347451894
658 266 659 660 4 5.1 249488115
661 662 663 664 29 6.8 100086793
376 102 377 378 29 5.8 128388320
665 277 666 667 29 6.7 268418682
668 6 226 669 4 6.0 278346189
670 1 671 672 4 5.7 211989043
407 83 266 673 29 8.0 171407179
193 83 267 191 575 8.2 389600694
503 504 674 675 4 5.4 336531112
496 676 677 678 4 7.2 121214377
679 126 680 153 86 7.5 130482868
101 428 669 681 4 6.0 244819862
610 16 384 682 29 7.1 109578115
683 654 655 151 4 6.1 206172544
684 152 353 185 4 5.3 133718711
685 686 687 688 29 7.2 246233113
216 428 199 689 4 6.3 433013274
193 83 90 153 568 7.5 193772504
690 192 691 692 175 6.8 149044513
693 694 362 695 207 5.2 101913194
72 559 696 136 86 7.7 172989651
697 484 698 699 207 6.2 104907746
700 701 393 174 4 7.7 263920180
702 703 704 705 207 4.3 288347692
685 54 331 706 29 6.6 877244782
344 235 707 354 86 7.0 543514353
708 709 448 26 29 8.2 921743261
64 7 603 710 4 8.9 1119110941
64 77 7 603 4 8.7 925282504
711 192 266 712 4 5.5 114178613
653 226 211 713 4 5.7 274703340
714 6 183 147 86 6.3 103039258
358 715 716 717 4 5.9 368780809
718 23 719 107 4 7.6 481800873
720 384 721 722 29 6.6 162839667
723 393 724 725 4 5.3 304654182
240 726 727 728 4 8.0 631436092
485 473 395 324 29 5.9 226496399
60 61 364 729 29 7.3 589390539
118 126 127 398 29 7.9 485015179
730 629 395 731 4 6.8 167805466
101 732 733 734 4 6.6 347325802
171 151 735 736 86 6.6 291420351
737 738 739 740 175 7.0 243006126
489 741 742 743 4 7.0 886684521
744 573 745 746 29 7.3 186337002
129 221 747 748 4 5.5 264105545
193 83 453 152 568 8.5 289847354
749 750 751 752 29 7.5 304320254
744 32 324 753 4 7.0 188072649
271 172 754 755 568 7.8 232617430
756 393 757 758 4 7.6 361212499
493 32 135 759 4 7.6 524028679
760 183 341 598 29 6.1 164000000
646 412 761 762 4 6.8 186053725
763 764 765 766 29 5.0 234798636
42 209 50 81 86 7.1 200276784
767 768 769 770 4 5.5 199936011
485 54 768 331 4 5.6 244874809
379 771 772 773 207 4.9 182290266
171 267 774 775 86 7.4 171120329
496 776 777 746 4 5.7 190213455
778 779 780 781 568 6.4 162944923
782 473 783 753 29 5.9 199850315
595 257 226 266 4 5.5 156505388
427 36 183 784 4 6.9 334901337
469 785 786 787 4 6.2 118063304
730 132 788 789 4 7.0 143049560
790 791 617 792 29 5.6 110983407
489 100 793 794 29 7.0 484635760
795 791 796 797 4 5.4 122823468
798 151 132 799 4 6.1 140807547
554 555 556 557 4 4.3 167977596
340 800 801 802 575 8.0 108539911
803 192 804 305 86 7.3 148336445
595 276 805 806 4 6.3 494471524
197 269 265 270 4 6.7 207283925
171 126 807 808 29 7.7 429632142
338 322 102 809 175 6.5 384335608
452 453 810 811 4 7.8 288500215
282 151 174 812 4 6.4 315156409
565 132 318 813 568 7.8 450717150
814 701 473 7 4 5.8 136714484
815 106 768 694 175 7.1 358375603
816 817 818 819 175 7.1 340487652
820 629 122 696 4 6.8 208726499
816 559 288 821 29 4.8 183611771
101 362 822 255 4 6.2 152930623
823 84 669 824 207 6.9 205135175
730 61 676 825 4 7.3 250649836
823 826 827 828 207 6.6 223103655
565 829 453 132 568 6.9 311312624
830 191 831 832 29 6.2 196507326
833 84 571 572 29 6.7 263847895
756 834 835 722 4 6.2 137298489
57 836 303 837 86 7.3 162242962
160 838 839 840 4 6.0 158468292
841 153 842 843 29 7.1 147419472
844 307 132 372 86 7.1 142940100
845 566 524 544 29 5.6 171735167
846 847 848 849 207 4.3 166339890
583 850 851 852 29 4.9 275650703
853 768 854 855 207 6.4 237681299
558 248 108 856 4 4.3 112483764
208 224 537 857 4 6.1 222231186
145 858 859 860 4 7.0 160388063
204 183 206 463 207 6.7 484572835
655 654 655 198 4 6.5 274470394
790 209 79 861 4 7.1 456494803
803 134 277 862 29 7.3 691247768
863 264 864 865 207 6.5 586764305
99 504 562 866 4 7.0 266831698
459 393 206 662 29 6.8 335206062
256 633 867 868 29 7.2 273144151
869 106 566 363 207 6.4 144491692
870 183 191 616 4 6.1 349464664
403 393 307 871 4 6.7 142078971
846 768 872 873 207 6.4 190320568
236 188 766 874 29 4.4 342695435
767 106 768 694 207 5.4 247022278
846 221 428 100 4 6.5 230685453
823 232 191 875 207 6.7 266728738
193 83 876 877 343 8.1 294804195
878 191 616 879 207 5.6 163733697
665 153 880 881 29 6.3 260696994
509 279 1 810 4 7.3 245676146
882 768 883 884 207 6.1 212874442
9 126 885 886 568 7.7 181001478
767 768 887 770 207 6.4 214945591
653 106 888 889 4 6.8 224012234
890 395 891 892 4 6.6 178066569
893 276 337 146 29 7.2 173013509
894 629 116 174 4 6.9 157058676
895 322 896 897 207 5.2 177977226
595 90 898 899 900 4.9 177311151
901 221 398 902 29 6.3 230418342
321 903 904 905 29 5.6 158851357
906 232 237 907 86 5.5 233093859
420 566 908 909 4 6.7 136982834
201 132 473 910 4 7.6 211817906
911 151 796 468 4 5.7 164839294
912 287 913 914 29 4.6 201584141
915 453 916 917 29 7.0 122563539
853 395 918 919 207 5.2 169852759
920 174 74 921 4 5.1 136159423
815 106 768 922 175 6.7 473226958
923 73 924 925 4 5.9 123729176
615 102 791 696 4 6.5 147080413
121 926 927 928 4 5.9 141511378
929 453 182 475 4 5.9 105316267
99 337 384 444 4 6.3 101371017
260 393 930 931 4 6.3 122444772
197 655 932 933 4 5.8 159212469
934 935 936 937 29 5.2 125561240
429 265 938 939 4 6.0 146936910
340 940 941 255 575 8.2 313542341
830 362 524 942 29 8.5 987483777
558 277 428 705 4 5.8 335260290
943 738 402 944 175 6.5 274325949
101 276 307 945 568 7.2 209451898
358 22 932 439 4 6.7 108103450
767 829 768 946 207 3.4 149673788
947 269 724 948 4 5.9 236041731
949 324 950 951 175 6.8 875457937
952 272 953 476 4 5.8 179265204
954 206 955 324 175 7.5 970761885
167 61 564 956 4 6.9 816969268
150 957 958 959 4 6.5 618638999
317 319 320 451 29 6.9 532680671
42 102 960 961 4 7.4 296250053
760 226 183 130 4 6.7 341433252
109 279 962 963 4 7.4 335062621
489 741 964 965 4 6.9 655388158
846 768 966 967 207 6.8 196482882
882 968 969 970 207 6.7 202548575
971 362 674 289 4 4.1 134403112
438 183 130 972 568 7.3 351723989
767 106 768 195 207 6.0 271430189
150 126 973 974 207 7.3 218686156
782 791 975 976 207 5.4 117283065
121 977 501 411 4 5.9 215663859
978 276 126 979 575 7.1 119000410
980 636 193 226 29 6.0 367275019
436 981 982 612 86 6.5 154937680
150 341 983 48 86 7.6 130358911
493 39 139 984 4 7.3 109845109
985 106 692 662 175 6.6 140175006
986 273 987 988 4 5.9 127600435
989 196 990 991 86 6.7 113996937
845 39 992 993 4 6.1 226904017
367 172 393 972 86 7.2 248118121
994 206 237 324 4 6.4 1159398397
790 279 995 996 568 5.9 103891409
989 267 152 997 4 5.6 111231041
639 484 918 998 4 6.6 162966177
999 1000 609 1001 207 4.6 176104344
1002 1003 1004 1005 575 8.4 210409945
1006 951 1007 1008 29 7.4 527068851
367 94 95 74 86 6.5 256697520
1009 168 1000 1010 207 5.3 294456605
367 1011 1012 1013 86 6.7 408247917
53 289 1014 1015 29 7.2 920665658
118 127 1016 1017 29 7.2 461981604
1018 566 51 1019 207 5.5 309457509
197 265 1020 1021 4 5.8 277448382
1022 1023 1024 251 29 6.0 323436538
340 898 185 421 568 6.6 309492681
645 180 132 10 29 8.3 321455689
150 322 566 1025 29 6.7 300854823
101 428 669 681 4 6.0 244819862
1026 393 1027 1028 4 7.1 239540947
1029 356 1030 747 4 6.0 207725639
1031 209 622 211 900 6.9 203388341
814 784 387 1032 4 5.6 171251996
1009 188 1033 766 175 4.5 443139853
1034 237 533 1035 4 7.1 114660784
1036 257 183 1037 4 6.5 161025640
1038 1039 1038 1040 4 6.4 112587658
352 543 910 112 4 5.8 211819354
99 106 1041 97 29 8.0 122919055
978 1042 1043 1044 86 6.2 131002597
150 1045 449 135 86 7.2 177584879
1046 221 453 1047 86 6.1 154984035
306 45 941 1048 86 6.3 134748021
1049 291 1050 1051 4 6.3 217124280
407 629 393 1052 4 6.3 116672912
274 39 314 1053 29 7.7 135560026
1054 132 303 1055 29 7.0 131457682
1056 655 1057 1058 4 6.7 137328301
1059 183 801 1060 4 6.4 193921372
1061 309 224 1062 29 4.9 698491347
693 636 44 1063 568 6.8 113579918
954 206 955 248 175 7.7 543113985
858 90 183 858 207 6.4 216691733
72 83 1064 1065 4 7.1 115097286
760 669 291 1066 4 5.9 116471580
1067 394 1068 1069 4 6.2 212404396
1070 1071 1072 1073 86 7.0 189198313
150 126 265 453 4 8.6 481840909
1074 323 291 112 4 6.5 203277636
823 95 1075 981 207 6.4 374111707
665 754 448 741 29 7.6 383259213
150 16 1076 801 575 7.4 275293450
176 232 1077 1078 4 8.7 463517383
340 126 1079 1080 29 7.6 355237933
496 497 498 499 4 7.5 198467168
1081 1082 1083 1084 207 5.5 172842355
1085 126 1086 889 207 6.5 250821495
639 484 573 1087 207 6.9 128107564
121 307 1088 1089 4 6.7 250288523
863 32 631 1090 207 6.6 211780824
226 1091 1092 1093 575 7.2 163278357
1094 1094 1095 1096 4 6.4 128884132
1026 655 1097 1098 4 6.4 255000211
509 185 1099 514 4 6.0 150270147
278 393 1100 1101 207 6.1 110317580
306 279 1102 656 86 6.0 162970240
141 566 24 1103 86 6.4 141337989
1104 769 370 1105 207 6.4 179379532
1106 209 1107 778 86 7.3 162091208
1108 1109 1110 1111 207 5.2 133821816
1112 61 745 1113 207 6.6 159062963
129 14 1114 1115 4 6.3 156491279
1116 122 1117 404 4 5.9 128905366
814 701 931 113 4 5.4 240159255
271 132 1118 1119 86 8.8 100853753
1120 972 1121 1122 29 7.1 127990128
679 1123 1124 1125 568 7.5 135039924
697 486 1126 1127 4 6.2 296633907
150 398 957 1128 29 8.1 1029153882
469 151 1129 1130 4 6.9 215887717
1131 608 1132 1133 207 4.3 101595121
1134 1135 1099 651 207 6.8 107879496
645 1136 885 535 568 7.9 155760117
1137 484 188 692 207 6.3 145708642
1138 998 1139 1140 29 5.5 183822562
38 257 180 1141 4 7.7 456068181
697 636 637 638 207 6.3 516533043
1142 1143 1144 1145 207 7.1 242717113
1146 126 1073 715 568 8.5 286801374
763 1147 1148 1149 4 5.9 253625427
649 662 1150 468 29 5.8 314432665
271 1151 254 1152 568 8.1 369330363
208 453 1153 1154 4 7.9 214034224
121 1155 563 1156 4 7.2 348895621
653 1101 1157 1158 86 6.3 149705852
432 799 1159 1160 207 8.1 264118201
1161 384 1162 1163 29 7.0 218613188
999 1164 1075 1165 207 5.5 164433867
1120 629 1166 1167 4 6.7 131940411
1168 1169 1139 1170 4 5.2 200687492
1171 654 311 1172 4 7.0 175810474
1173 1110 1174 165 207 6.1 199043242
317 655 1175 1176 29 6.6 171757863
1177 191 705 1178 207 5.5 172438246
730 209 616 1179 4 5.9 157920733
882 437 1180 1181 29 5.4 129181830
1182 23 566 418 86 5.7 204594016
101 279 791 735 207 6.7 124745083
570 393 183 1183 4 7.1 199006387
306 829 217 747 86 6.8 100230832
1184 33 79 1185 86 6.5 186883563
628 209 319 675 568 7.6 217663246
641 428 903 710 4 5.5 164996077
1186 1187 1102 1188 4 6.5 100572044
355 209 616 719 4 7.0 218340595
1026 747 1189 1190 4 5.8 164648142
1191 1192 1193 1194 20 7.3 261183588
565 453 1195 1196 86 6.6 135458097
1197 1014 1198 1199 175 7.7 124596398
367 691 805 1200 1201 5.0 163403799
730 629 1037 47 4 7.7 130293714
863 446 883 1202 207 6.1 170268750
1203 1204 1205 1206 207 5.4 129832389
1207 1062 230 1208 29 7.0 107139399
1209 22 393 1210 4 6.3 159330280
1211 119 1212 1130 86 6.1 100688705
1213 1214 675 1215 4 5.3 104391623
1216 1217 1218 1219 4 5.4 104324083
344 1220 378 1221 4 6.2 135511030
1222 134 636 264 575 6.6 101134059
1223 257 1037 1224 4 5.9 205754447
1225 1226 682 1130 4 6.3 161376068
1227 1228 1229 1230 29 6.8 109285033
737 183 484 1231 4 7.8 464160692
1232 1233 1234 1235 4 6.7 105200903
1094 453 183 1236 575 7.4 122056899
1237 428 174 576 29 6.1 105647102
1238 320 1239 1240 207 6.3 119940815
30 31 32 33 4 8.1 1519557910
1241 836 1242 1243 4 6.0 193677158
1244 122 1245 1246 4 8.1 783112979
1094 264 1247 1248 4 7.3 547426372
187 1249 1250 1251 29 6.4 150170815
720 692 622 1252 207 6.7 102821487
1253 655 1254 1255 4 5.7 189015611
814 701 931 1256 4 5.9 296221663
1257 232 829 311 86 7.5 152944660
197 217 1258 1259 4 6.4 115267375
1260 279 1261 1262 4 4.3 149274002
882 265 26 1263 4 5.5 198636868
171 126 1264 1265 207 8.8 677386686
1138 766 1266 1267 175 5.2 361336633
697 636 637 638 207 7.0 330444045
1268 15 1269 1270 29 6.6 346079773
420 44 1271 1272 4 7.3 300218018
204 319 643 889 207 5.6 273961019
989 61 1189 1273 207 6.6 368100420
1274 199 246 1275 4 5.4 174463257
1276 1277 1278 1150 207 6.3 231002553
452 126 1279 1280 575 7.9 217800897
321 116 23 206 207 6.3 152263880
1281 288 1282 1283 207 6.0 287928194
1036 629 194 1284 4 7.2 192330738
1285 1025 574 1286 207 5.1 154906693
730 629 932 1287 4 7.3 157387195
1288 61 1289 1290 575 8.0 305129627
570 1291 1292 1293 86 6.2 223387299
1294 522 1295 644 86 6.0 214015089
1281 279 284 1220 86 6.7 198685114
645 1296 253 1297 4 8.1 180949045
645 253 1298 1299 4 8.0 152159461
171 393 826 1300 207 6.4 149022650
1301 168 625 1302 4 6.4 121969216
720 1303 1304 1060 207 6.0 187361654
379 198 1305 804 4 6.6 127980002
1306 188 1307 455 29 5.9 110387072
1308 1309 1310 1311 575 6.3 141047179
1312 159 1313 1314 175 7.2 259541430
1094 226 972 1220 568 7.8 113020256
503 257 1315 1316 86 7.4 154648887
145 1317 81 476 4 6.7 155010032
1288 61 395 1318 86 7.7 168168201
1319 829 119 1320 568 7.6 136766062
1321 1271 1272 1322 4 6.8 108185706
947 15 642 1101 4 5.9 107196498
1323 24 103 1324 29 7.1 139804348
138 153 1325 511 86 7.6 177677823
1171 257 918 972 568 7.4 126635256
150 83 126 301 575 8.0 352114312
1326 531 1327 1328 86 7.4 137720716
456 191 404 1329 207 5.8 204963084
1330 173 826 159 207 6.3 609841637
1018 264 437 100 207 5.7 216485654
1331 1332 1333 1334 4 5.1 110603876
193 636 128 1001 575 8.2 116112375
1335 1336 793 332 175 5.6 116476887
76 309 224 437 29 4.6 709831962
53 1337 286 1338 29 7.9 484409218
1339 453 972 1340 1341 7.1 127869379
212 35 183 682 4 6.9 390493908
1031 209 605 1342 207 7.3 273552592
858 116 858 774 207 7.0 549523447
1343 1344 1007 1345 207 7.7 314178011
204 322 276 888 575 6.7 202292902
639 151 484 206 207 6.3 173649015
1346 106 768 1347 207 5.8 171269535
371 1348 1349 1350 343 7.1 260095987
565 566 97 1351 575 7.3 256271286
1352 267 940 1353 207 6.4 177085826
737 177 1354 838 4 7.1 331333876
1355 132 209 24 86 7.6 223664608
456 264 691 1356 207 6.8 223213390
1357 428 81 1358 4 6.6 216972543
485 566 886 1359 207 6.7 159710793
1360 484 851 1361 207 6.1 240360392
57 6 826 1062 29 6.0 213116401
1362 629 1363 1043 568 7.6 184376254
1364 1365 1366 1096 4 7.1 161626121
1367 1368 563 551 4 5.0 152022101
1031 33 453 1369 207 7.1 120081841
414 279 411 1370 86 6.2 183593586
1371 264 267 691 207 5.6 128406887
1372 80 998 1373 1374 5.4 161451538
1375 221 1376 1377 175 5.0 200804534
1378 276 172 132 575 7.6 110206216
282 43 183 421 4 6.6 189859560
1379 90 1380 1381 4 7.0 199168600
1382 428 1383 1384 4 5.7 106387141
1385 337 135 1386 4 8.2 132511035
1387 1381 1353 1388 29 4.7 144146816
1389 168 1390 1391 568 6.3 100020092
1392 356 1393 681 4 6.1 225703475
1394 1395 1396 1397 86 6.7 119137784
890 1398 1399 1400 4 6.1 149878437
271 1366 342 1401 86 7.8 109423648
1402 1277 1403 1117 207 6.7 235544182
1404 1090 1405 1406 4 5.8 161702194
1407 1408 1409 1410 4 5.5 119208989
870 342 1411 1412 4 5.9 110463140
1413 701 81 1414 4 6.2 129394835
1415 173 153 1416 207 5.9 262520724
1417 83 1418 1419 29 6.6 144056873
1420 522 1421 1422 207 4.3 113309743
1094 453 1423 1424 86 6.5 105246941
565 305 1425 1426 568 7.6 207515725
150 151 383 1427 4 8.3 474171806
526 102 227 1428 4 6.9 102069268
469 629 226 1429 568 6.7 151493655
271 224 1430 1431 568 6.8 196397415
1222 95 1432 1433 4 7.1 107752036
1434 90 510 1435 4 6.0 326479141
744 362 315 1436 207 6.0 102825796
1437 1438 1439 1440 86 7.8 108975160
1441 1442 1441 1443 4 6.1 162738726
756 671 1444 741 568 6.8 124305181
1445 655 316 1279 4 7.7 125212904
1446 566 1447 289 207 6.3 299288605
1448 566 189 775 207 5.7 138191428
13 829 1449 1450 86 7.2 113714830
1038 1039 480 1038 4 7.6 146027888
407 629 453 501 4 6.6 100860818
204 1449 1451 1452 207 6.8 302710615
1203 1453 1139 1205 207 4.8 341631208
1434 90 1454 481 4 6.3 376141306
1455 1456 1457 1458 207 5.5 220673217
1352 1459 1460 1461 4 6.2 212742720
1018 100 1000 1019 207 5.7 134734481
798 629 566 408 568 6.5 195268056
503 1462 1463 1464 568 6.7 117615211
1134 183 1465 108 29 7.4 175372502
469 151 1466 1467 4 6.9 178051587
1468 573 1469 1208 207 5.5 153870309
1470 102 142 1250 568 8.1 122126687
1036 629 446 1471 568 7.7 104876233
1131 1117 1472 451 207 5.2 141220678
285 1473 1474 1475 29 7.1 165184237
952 784 1476 672 4 7.1 131183530
1477 1269 1478 1479 4 4.6 136885767
1480 1481 1482 1483 207 5.6 113916474
1484 173 90 1485 207 7.7 246942017
118 43 1486 127 29 7.2 363398565
1477 655 1487 1488 4 5.4 170362582
1489 691 158 1353 29 6.8 104478416
1490 701 1414 1491 4 6.3 147717833
853 764 768 1492 207 6.5 128034610
1493 1068 1494 1495 4 6.1 160583018
1496 1497 1498 1499 4 6.3 163226579
1500 1501 1381 1263 575 7.7 232324128
1502 151 1503 254 4 7.8 368875760
989 257 1110 1217 4 5.5 136310326
1294 636 132 1315 568 7.5 165615285
1504 655 1505 1506 4 6.4 300400432
600 114 476 707 4 6.8 111340801
778 209 726 1507 86 6.8 270248367
737 177 1508 1509 4 7.2 201585328
1510 566 1511 1512 207 7.0 363889678
1513 842 1316 1514 29 7.0 224834564
1515 276 1516 831 207 5.9 171174837
1517 1133 650 1518 207 5.4 131052444
389 1189 1519 1520 4 6.6 229930771
1521 1522 1523 1524 4 6.6 156167015
1525 572 280 1526 86 7.0 242818963
1364 182 669 1527 4 6.9 117487473
367 393 1528 712 86 8.1 672806292
1529 1506 1530 1531 4 7.2 359126022
1222 134 15 264 568 7.3 251171807
1532 122 1533 727 207 6.7 317375031
1534 413 1535 1536 568 6.4 177841558
171 1537 1538 1539 29 7.8 331950002
700 33 183 1540 4 6.4 463360063
1541 531 1454 292 86 4.1 571006128
1542 655 195 1543 4 4.1 197011982
503 43 267 168 568 7.4 152266007
321 1180 1181 1342 207 5.8 190212113
89 1544 1545 1546 4 7.6 149295601
1547 126 1548 1549 207 7.2 132440069
1550 1551 1552 202 1374 7.8 320392818
271 70 1553 1554 575 7.7 224920315
1555 1556 1557 1558 207 6.4 178846899
1455 1559 883 1456 207 5.1 178262620
1560 1561 1562 593 1374 5.5 161834276
171 1537 1538 1539 29 7.4 244527583
1563 484 1231 727 207 6.0 111711453
1085 826 1564 1565 575 7.0 129540499
893 276 453 8 568 7.3 128798265
1566 221 1144 1509 207 5.7 169837010
1367 269 413 1567 29 7.3 120455994
823 636 100 421 207 7.2 194564672
1568 1569 1570 801 4 5.9 124605297
1257 963 1571 52 575 7.7 123971376
1572 395 1573 1574 568 8.1 158733820
1575 217 353 74 568 6.6 151161491
1566 647 801 1576 207 5.9 141069860
306 1577 1578 1579 86 8.0 205405498
1580 194 1581 1582 207 4.6 138245643
5 22 132 566 29 6.1 147845033
226 1091 1092 1093 575 7.2 163278357
1583 1584 827 1353 207 6.4 136267476
1585 1586 1587 1588 207 6.0 196710396
1589 1590 1591 1592 1374 5.2 186167139
150 126 440 1593 86 7.6 165478348
1594 463 1595 280 207 6.1 170128460
1379 90 45 1596 4 6.9 130786397
13 15 102 33 86 8.5 109676311
1360 43 10 1597 207 6.3 107670357
1002 1598 1599 1600 4 7.8 120175290
1601 1602 312 1393 4 6.4 127233108
1603 232 1368 1604 86 6.8 114830111
1605 1606 1607 1273 207 5.8 105962760
1608 32 1609 710 1374 5.8 141591324
1173 26 1610 1145 207 6.5 145896422
1611 1612 1613 1614 29 7.0 100143262
1615 1284 1616 1617 207 5.1 126069509
1404 1618 1619 1095 1374 5.9 157887643
890 1620 1621 1428 86 6.9 117760134
414 682 196 1622 4 7.6 144693129
570 1623 1624 1625 86 7.1 100098157
197 269 265 270 4 6.7 207283925
989 891 1564 1626 207 6.1 180622424
1468 257 404 1627 207 6.5 205298907
1542 106 1543 1628 4 5.1 119723358
1629 1039 805 1038 4 6.6 118071125
275 309 10 1630 86 6.9 117094902
1382 1631 1632 1633 4 4.4 107588225
1634 194 1635 1636 4 5.2 109906372
1637 655 1638 1639 86 7.7 173567581
1500 356 237 1640 568 7.6 154026136
1641 22 132 1273 207 7.0 163720069
1642 257 1643 1644 29 6.0 100076342
1645 1231 244 1646 207 6.1 112343513
1647 224 437 1062 86 5.2 392616625
1585 629 1648 796 568 7.0 102244770
895 1217 889 1649 4 6.3 117758500
1357 1650 1651 1353 207 7.0 269994119
863 264 1509 1414 207 7.8 467483912
697 1652 486 1127 4 6.6 310940086
99 504 1653 1654 4 7.6 411348924
420 421 927 1089 4 6.7 321731527
1655 1656 1657 777 575 7.7 309177778
1542 1543 1016 1658 4 5.4 147934180
878 43 1597 1659 207 6.9 209638559
1641 453 192 1660 29 7.7 252084251
1142 826 100 1661 207 6.8 326260148
878 191 950 457 207 5.7 173965010
193 636 1662 563 568 7.3 182291969
1468 43 680 331 568 6.8 157927340
1663 1664 1616 1665 207 6.3 140795793
1666 318 1667 1668 207 5.9 101866030
893 173 79 488 86 7.4 231976425
1525 43 1669 1422 568 8.3 126216940
549 1670 1671 1672 4 5.8 113374103
1560 6 1673 1674 1374 7.5 115664037
845 1295 372 1675 1374 6.3 104155843
1034 83 1676 1677 4 6.4 182968902
1108 116 287 1516 207 6.6 149542245
1678 194 203 1679 207 6.0 108007109
1655 126 49 117 575 7.5 112544580
141 6 829 796 575 7.8 124909762
814 701 1680 387 4 6.7 102441078
1681 1682 1683 727 900 7.4 122206280
1684 1685 1686 287 4 6.7 173930596
1687 1688 1689 1690 575 8.5 120072577
978 337 566 1691 86 7.3 115505027
1692 1693 1694 1695 4 6.8 348319861
1134 209 522 1001 86 7.6 243240178
583 1581 320 1148 4 5.1 173959438
1696 1697 1698 1192 86 6.5 140470746
1699 151 540 1700 4 8.4 475106177
1701 84 1702 1703 86 7.6 108901967
191 54 691 484 207 6.9 220443451
278 616 1704 1705 86 6.4 152036382
1203 643 1706 1707 29 5.1 115035090
389 1313 1708 1709 207 6.8 288383523
1710 177 23 472 207 6.7 126041322
290 142 1711 1712 343 7.5 147332697
1713 1174 1714 1715 86 7.3 106269971
778 826 504 1716 575 7.2 128499205
171 629 413 1570 86 7.3 161772375
1717 431 597 1718 4 6.3 210308099
1719 221 50 834 29 8.1 172735318
389 390 391 392 4 5.5 229147509
1720 31 1317 1721 29 6.1 104884188
60 185 421 1435 207 6.9 115101622
57 1220 1722 1723 207 7.2 306776732
767 106 768 1724 207 6.4 234801895
1725 1277 1726 1117 207 6.4 287553595
118 126 127 761 29 8.3 361958736
595 232 805 625 4 7.2 350448145
1727 177 1728 1729 86 6.8 196114570
1730 1233 629 731 575 7.8 136706683
756 501 609 1095 4 7.6 200512643
1357 998 448 2 207 6.7 167722310
60 1164 1731 1732 207 6.8 191502426
1335 298 514 1210 29 6.3 212385533
1018 100 1019 1733 207 6.2 165335153
1734 1212 1735 673 207 6.2 181489203
271 183 132 556 568 8.6 327311859
526 227 1736 1737 4 8.0 210819611
1738 33 648 1739 29 7.0 140161792
1094 1740 1741 1742 568 8.0 156822020
1094 1094 183 1743 86 8.1 216763646
1744 636 608 508 207 6.7 176885658
1585 1233 1745 1746 86 7.9 115533700
1532 95 1747 1748 207 6.1 160259319
1594 1628 642 598 207 4.2 155525718
407 307 132 273 86 7.5 160638883
1749 22 1062 1750 86 7.4 166842739
1751 1752 1753 1754 207 7.2 105834556
1755 1756 1757 1758 207 6.9 116980662
1759 16 393 1760 4 7.4 176506819
1761 1170 1762 1763 207 6.8 254134910
1142 826 206 1764 207 6.3 114281051
1678 116 248 1765 207 7.2 105173115
869 100 1766 1459 207 5.4 114663461
1175 1289 1767 1768 207 7.7 151119219
1769 90 199 1050 29 5.8 113307962
1770 172 1771 1772 86 6.1 118880016
1773 1774 1775 1776 175 7.5 192610372
1777 257 1778 1779 86 7.1 156835339
376 449 1780 1781 86 7.8 129266061
72 448 1782 1783 4 6.6 134212055
99 6 77 1784 175 7.4 117194701
427 1181 1698 1785 86 6.2 159291809
1786 559 1787 511 29 5.9 108609310
407 142 100 95 207 6.7 102820008
1788 23 195 1789 29 7.5 140705322
1790 1062 1791 1792 207 6.5 287506194
532 458 1793 1794 575 7.9 186438883
610 322 1269 1795 29 8.0 504050219
1171 757 1796 1797 575 7.9 201634991
150 151 1798 1783 4 7.6 333107271
1799 809 762 1762 29 5.9 140894675
385 183 1187 888 568 6.3 105178561
756 35 393 1800 4 8.2 138708852
639 1233 15 1801 575 7.8 133346506
38 380 1802 572 4 7.4 102356381
278 636 183 1214 207 6.6 134402450
670 1803 801 1804 4 5.8 101646581
376 1805 1781 1806 86 7.8 121147947
1663 1744 1807 1808 207 7.0 219076518
191 33 221 222 29 7.8 205843612
1407 1809 1810 1811 4 7.9 115229890
76 1812 1813 1814 207 7.1 130549455
999 624 1815 967 4 5.2 183293131
720 632 1816 1252 207 6.1 160846332
1817 50 1818 1819 207 7.2 289317794
911 1820 1283 1821 4 6.0 201957688
1822 23 998 1823 4 7.0 101624843
1018 636 130 1824 207 5.7 142044638
1002 1825 1826 1827 86 7.1 611899420
485 322 1828 1829 207 6.9 441195243
1294 209 1830 1831 86 8.0 354825435
1094 1094 1832 1833 86 8.2 269958228
1834 90 1835 1836 4 7.9 226830568
795 1473 995 1837 4 6.1 410945720
150 90 1838 1839 575 8.9 321265768
1840 69 94 283 86 8.1 216639112
1841 1842 1843 304 4 5.8 114326122
1844 384 1336 1845 4 6.0 102992536
229 283 1846 1847 4 7.0 170764026
1641 158 448 1848 568 8.1 171627166
1568 801 1849 1850 4 6.2 153997819
1851 173 153 1852 207 6.7 281929795
1853 1854 1855 1856 86 7.3 152699946
1382 887 1857 1384 207 6.1 119772232
911 337 1858 219 207 6.2 149228078
420 1859 1860 1861 900 7.6 119498909
1862 1863 1864 1450 1374 5.8 113270608
1865 277 691 887 29 7.2 137587063
46 6 84 158 575 7.8 116766556
1866 636 1295 1867 86 5.9 122644820
1868 173 158 842 207 6.6 122489822
1701 826 788 1316 86 7.6 108846072
1869 1870 1871 1872 207 6.3 229736344
1853 177 1873 1610 86 6.3 114977104
412 412 1706 1874 29 7.3 109713132
655 655 1875 865 86 7.2 155720088
684 152 353 185 4 5.3 133718711
1560 1876 319 1877 1374 6.1 172363301
1878 393 1584 1670 207 6.7 106371651
1232 69 221 1879 29 7.7 102391540
64 80 81 82 4 7.2 550517357
853 768 506 966 207 6.1 185991646
1880 151 1700 1881 4 8.8 538375067
109 61 1156 1882 4 6.8 141407024
1862 1503 1883 1884 1374 6.7 112880294
1056 1885 1886 1887 900 6.8 131998242
986 522 408 1888 86 7.0 505702588
1566 249 1673 1820 207 7.1 369884651
1889 1082 1084 1010 207 6.4 189833357
1382 428 1704 1318 207 6.2 147869324
1094 1094 826 1890 86 7.5 182016617
1891 1892 1893 1894 4 5.8 110627965
109 33 106 266 4 6.9 162949164
1222 134 636 264 207 7.8 236506453
150 151 512 1654 4 8.5 389925971
485 1895 1896 930 29 6.6 358991681
150 1047 1897 1898 86 7.7 303788635
730 812 1082 497 4 6.4 299965036
882 1899 1900 1901 207 5.5 164729679
1902 307 501 1903 568 8.6 272742922
1904 633 1905 1289 207 7.0 183097323
1906 1907 1908 1909 4 7.1 171685792
1910 1911 1912 1913 29 5.7 187884007
583 632 1914 1915 29 3.7 149281606
1550 268 898 1916 1374 7.5 318000141
1917 998 1918 1917 207 4.9 100525432
890 1620 1621 1428 86 6.9 117760134
814 1262 233 1919 4 5.8 122195920
1131 1606 302 1132 207 5.4 113086475
1751 1920 1921 1922 207 7.3 177243185
1923 1109 1381 1924 575 8.1 178371993
1925 58 295 1926 86 7.6 208314186
1927 116 1102 319 207 6.7 183936074
1928 903 1336 606 29 5.8 109862682
1929 1528 1930 1931 29 5.4 135703599
443 132 1932 1933 86 7.5 135330163
1647 224 437 1062 86 5.2 392616625
1934 956 1935 1069 29 8.0 424208848
1615 287 404 220 207 5.7 216197492
1936 829 305 1937 568 6.8 110879513
1560 1938 1939 1562 1374 7.2 173046663
171 1537 1539 1940 29 8.5 381109762
321 1924 1941 1942 207 5.4 101564935
1943 205 194 122 86 6.0 108047131
1678 1354 1944 203 207 6.4 270618400
641 1217 1945 556 4 6.9 351583407
1547 126 694 996 207 7.3 151668774
1104 1946 1947 1948 207 7.3 261572744
1468 851 1949 1950 207 6.2 141774679
906 50 1220 1951 86 6.7 144166820
720 1952 188 1953 207 7.0 128970716
443 69 80 1012 207 7.8 103215094
1611 69 250 1954 207 7.6 169871719
427 1955 1956 1957 86 6.2 150816700
1958 1959 1960 1961 900 7.6 209947037
0 962 1962 626 4 8.4 131060248
1963 1652 850 796 1374 5.6 125586134
1964 1509 244 433 207 6.5 138224951
1751 899 1965 28 29 7.5 109334629
1966 632 1967 1968 1374 7.9 255477368
1969 1062 1792 1970 207 7.2 114833360
423 35 84 50 86 7.7 134582776
432 322 1030 1254 207 8.0 235860116
863 731 1971 1972 207 6.5 119754278
1973 1527 1974 1831 207 8.0 133432856
1927 116 1102 319 207 6.7 183936074
1902 629 126 1975 86 7.7 206678440
844 1082 497 1976 4 7.3 316360478
485 1895 930 662 207 7.5 476684675
778 221 778 1897 207 7.4 177200000
730 209 774 1977 4 6.9 356830601
9 43 1347 1978 86 8.4 356296601
1979 173 531 707 575 8.0 414211549
911 605 1931 1980 207 6.0 216614388
150 363 1981 165 86 7.8 146467863
760 183 341 598 29 6.1 164000000
1982 449 11 1983 575 8.1 227774226
1984 1551 1985 1986 900 6.2 147586241
1966 632 1967 1968 1374 7.9 255477368
1906 1987 1988 1989 207 6.6 151831537
1990 1991 1992 1993 575 7.3 123384128
1994 36 1991 1995 86 6.4 127730736
1996 178 945 1064 575 7.7 122873310
438 90 272 495 4 5.8 493214888
1997 1685 177 1998 207 5.7 122513057
138 83 1327 316 86 6.8 147311378
1094 1094 183 1999 86 8.3 159157447
1417 2000 2001 2002 86 8.0 377910544
1394 2003 2004 2005 86 6.9 320145693
1018 566 1019 647 207 6.9 463406268
306 209 1471 2006 575 7.2 161001698
278 2007 1097 2008 29 6.9 154856263
2009 2010 302 2011 1374 5.5 100734718
1445 655 316 1279 4 7.7 125212904
1717 2012 431 2013 4 7.1 185438673
1330 826 153 2014 575 6.4 114943631
423 142 182 100 86 7.7 178043761
352 543 544 545 4 5.9 201965915
471 337 116 671 86 8.0 329398046
529 174 530 531 4 6.2 242707007
1319 636 829 616 568 9.0 102600000
2015 2016 2017 2018 86 6.1 131706809
1379 2019 2020 2021 86 6.8 119100758
2022 2023 2024 2025 1374 8.0 441071011
150 1911 2026 1912 29 8.0 470653000
635 1277 1726 1117 207 7.0 235483004
204 2027 672 2028 207 6.9 107217396
1532 177 1181 2029 568 6.5 114194847
554 972 1093 2030 86 7.1 126636097
2031 1508 2032 2033 207 6.7 102731865
121 78 621 622 4 8.0 594239066
2034 1920 2035 2036 86 7.8 307166834
1990 324 2037 2038 575 7.6 100129872
459 460 461 462 29 6.7 386041607
1034 1425 2039 2040 575 5.8 101332962
2041 1079 2003 2042 900 6.6 112236672
2043 2044 2045 2046 207 7.2 153083102
2047 2048 2049 2050 86 8.0 111721910
1191 2051 2052 2053 207 4.5 252909177
1222 15 2054 2055 575 7.9 129190869
1681 1682 1683 727 900 7.4 122206280
2056 2057 2058 2059 1374 5.8 113857533
150 1873 2060 2061 2062 7.9 792910554
2063 322 453 1315 86 8.3 225933435
2064 2058 2065 2066 1374 6.2 164874275
2067 619 2068 1433 4 6.1 118587880
2069 269 1501 1896 207 5.8 103166989
2064 2058 2065 2070 1374 5.9 139352633
2071 850 1501 2072 1374 5.9 187281115
1817 50 441 1416 207 7.3 136809228
2066 1673 2073 2066 900 6.1 112983889
2074 94 2075 2076 29 7.3 143695338
668 6 226 669 4 6.0 278346189
72 774 2077 2078 1374 8.5 104931801
2079 431 2080 1718 4 7.0 141195658
2067 1465 2081 2082 4 6.5 111928365
2083 2084 2085 2086 86 6.0 173185859
2087 2088 2089 2090 29 6.5 328203506
1529 1506 1530 1531 4 7.2 359126022
645 393 1478 2091 568 8.9 213928762
2092 2093 2094 2095 575 8.0 158671368
2096 206 2097 2098 207 7.9 100228847
1534 183 2099 2100 207 7.4 145793296
21 22 23 24 4 6.2 890871626
1749 22 301 189 207 7.5 231411584
2101 431 1718 2102 4 6.7 115819547
1319 829 44 616 568 9.2 245066411
565 177 1398 267 207 6.1 167221571
138 83 139 140 86 7.3 351040419
9 97 98 11 4 7.8 1108561013
2103 480 2104 2105 1374 5.4 256873813
2106 2107 1212 2108 2109 7.2 394589888
306 6 1471 975 86 8.1 138530565
2110 2111 2112 2113 20 7.5 222446320
2114 2115 2116 2117 575 8.1 102308889
2118 2119 2120 2121 207 7.8 102272727
2114 2122 2026 2123 207 8.3 156000000
1550 1673 2124 2066 900 6.6 161919318
2064 2125 2126 2065 1374 6.6 147739965
2127 264 2128 2129 86 7.3 110216998
2130 1187 2131 2105 1374 6.9 148868835
2132 2133 2134 2135 1374 5.8 207039844
2136 1673 2137 2138 900 4.4 103474010
2132 2139 2140 2141 1374 4.6 142838957
1701 159 660 2142 86 7.7 109280263
2143 2144 2145 2146 207 6.6 368744044
141 79 2147 1819 207 7.1 245700832
2148 2149 2150 2151 86 8.7 108981275
376 102 377 378 29 5.8 128388320
2152 2153 2154 2155 207 6.2 111289673
2156 33 221 2157 86 7.8 119723856
72 15 410 411 4 6.1 268175631
99 233 623 624 4 5.7 362211740
760 183 341 598 29 6.0 164000000
2158 2159 2160 2161 86 8.2 400176459
1379 90 45 1596 4 6.9 130786397
2162 50 73 2163 207 7.2 257850122
1407 1809 512 2164 207 7.6 141600000
2101 2165 2166 1718 4 7.8 124881062
2167 2134 2168 2169 1374 5.7 177512032
99 6 35 100 29 6.5 1025467110
344 235 707 354 86 7.0 543514353
420 1859 1860 1861 900 7.6 119498909
2170 1486 2171 1205 207 7.8 119500000
1357 998 448 2 207 6.7 167722310
1560 6 1673 1674 1374 7.5 115664037
38 380 1802 572 4 7.4 102356381
355 209 616 719 4 7.0 218340595
2172 2173 2174 2175 175 7.7 184925486
1550 926 888 2065 1374 7.7 103096345
906 232 237 907 86 5.5 233093859
1529 655 2176 2177 86 8.1 225000000
2178 2179 2180 2181 1374 4.2 101758490
1749 22 301 189 207 7.5 231411584
2162 50 73 2163 207 7.2 257850122
187 1249 1250 1251 29 6.4 150170815
2182 2183 2184 2185 175 7.4 267447150
536 151 340 2186 207 7.5 115000000
64 80 81 82 4 7.2 550517357
2187 2188 2189 2190 1374 6.4 248639099
459 460 461 462 29 6.7 386041607
21 115 116 23 29 6.4 493311825
2191 2169 2192 2193 1374 6.3 193355800
2194 2195 2196 2197 207 6.1 219375797
1966 632 1967 1968 1374 7.9 255477368
2198 417 1842 2199 4 6.3 428028233
